2       2.050
3       2.050
4       2.050
5       2.050
6       2.050
7       2.050
8       2.050
9       2.050
10      2.050
11      2.050
12      2.050
13      2.050
14      2.050
15      2.050
16      2.050
17      2.050
18      2.050
19      2.050
20      2.050
21      2.050
22      2.050
23      2.050
24      2.050
25      2.050
26      2.050
27      2.050
28      2.050
29      2.050
30      2.050
31      2.050
        ...  
2225    0.365
2226    0.384
2227    0.384
2228    0.385
2229    0.384
2230    0.385
2231    0.365
2232    0.365
2233    0.365
2234    0.365
2235    0.365
2236    0.365
2237    0.347
2238    0.347
2239    0.365
2240    0.365
2241    0.365
2242    0.366
2243    0.365
2244    0.347
2245    0.366
2246    0.366
2247    0.366
2248    0.366
2249    0.365
2250    0.366
2251    0.366
2252    0.365
2253    0.365
2254    0.366
Name: Left, dtype: float64
